10
5
245 378 534 748 1039 
10
245 378 534 748 1039 1505 2258 2506 2536 2609 
15
245 378 534 748 1039 1505 2258 2506 2536 2609 2917 3378 3917 4666 4805 
20
245 378 534 748 1039 1505 2258 2506 2536 2609 2917 3378 3917 4666 4805 4850 5679 6103 6438 6463 
25
245 378 534 748 1039 1505 2258 2506 2536 2609 2917 3378 3917 4666 4805 4850 5679 6103 6438 6463 6956 7488 7493 8180 9247 
30
245 378 534 748 1039 1505 2258 2506 2536 2609 2917 3378 3917 4666 4805 4850 5679 6103 6438 6463 6956 7488 7493 8180 9247 11208 11212 11775 13720 14478 
35
245 378 534 748 1039 1505 2258 2506 2536 2609 2917 3378 3917 4666 4805 4850 5679 6103 6438 6463 6956 7488 7493 8180 9247 11208 11212 11775 13720 14478 14484 16321 16334 16648 18236 
40
245 378 534 748 1039 1505 2258 2506 2536 2609 2917 3378 3917 4666 4805 4850 5679 6103 6438 6463 6956 7488 7493 8180 9247 11208 11212 11775 13720 14478 14484 16321 16334 16648 18236 18350 18711 18862 18910 19006 
45
245 378 534 748 1039 1505 2258 2506 2536 2609 2917 3378 3917 4666 4805 4850 5679 6103 6438 6463 6956 7488 7493 8180 9247 11208 11212 11775 13720 14478 14484 16321 16334 16648 18236 18350 18711 18862 18910 19006 20032 24917 26091 26379 26407 
50
245 378 534 748 1039 1505 2258 2506 2536 2609 2917 3378 3917 4666 4805 4850 5679 6103 6438 6463 6956 7488 7493 8180 9247 11208 11212 11775 13720 14478 14484 16321 16334 16648 18236 18350 18711 18862 18910 19006 20032 24917 26091 26379 26407 26906 28445 29562 33385 33600 
0.000000
0.000000
0.000000
0.000000
0.000000
0.000000
0.000000
0.000000
0.000000
0.000000
