10
5
231 242 748 906 926 
10
231 242 748 906 926 1081 1511 1870 1934 2495 
15
231 242 748 906 926 1081 1511 1870 1934 2495 2536 3058 3396 4850 4894 
20
231 242 748 906 926 1081 1511 1870 1934 2495 2536 3058 3396 4850 4894 5742 5892 6601 6719 6873 
25
231 242 748 906 926 1081 1511 1870 1934 2495 2536 3058 3396 4850 4894 5742 5892 6601 6719 6873 8180 8572 10236 11208 12837 
30
231 242 748 906 926 1081 1511 1870 1934 2495 2536 3058 3396 4850 4894 5742 5892 6601 6719 6873 8180 8572 10236 11208 12837 13139 13886 15892 16321 16334 
35
231 242 748 906 926 1081 1511 1870 1934 2495 2536 3058 3396 4850 4894 5742 5892 6601 6719 6873 8180 8572 10236 11208 12837 13139 13886 15892 16321 16334 16434 18236 18350 18711 18910 
40
231 242 748 906 926 1081 1511 1870 1934 2495 2536 3058 3396 4850 4894 5742 5892 6601 6719 6873 8180 8572 10236 11208 12837 13139 13886 15892 16321 16334 16434 18236 18350 18711 18910 19964 20032 21872 22493 24599 
45
231 242 748 906 926 1081 1511 1870 1934 2495 2536 3058 3396 4850 4894 5742 5892 6601 6719 6873 8180 8572 10236 11208 12837 13139 13886 15892 16321 16334 16434 18236 18350 18711 18910 19964 20032 21872 22493 24599 24917 25122 26249 26651 26906 
50
231 242 748 906 926 1081 1511 1870 1934 2495 2536 3058 3396 4850 4894 5742 5892 6601 6719 6873 8180 8572 10236 11208 12837 13139 13886 15892 16321 16334 16434 18236 18350 18711 18910 19964 20032 21872 22493 24599 24917 25122 26249 26651 26906 28418 28445 30303 32836 33385 
0.000000
0.000000
0.000000
0.000000
0.000000
0.000000
0.000000
0.000000
0.000000
0.000000
