10
5
2491 2536 3948 4612 4805 
10
2491 2536 3948 4612 4805 4882 6438 7387 7493 8150 
15
2491 2536 3948 4612 4805 4882 6438 7387 7493 8150 9101 10233 10445 10884 11081 
20
2491 2536 3948 4612 4805 4882 6438 7387 7493 8150 9101 10233 10445 10884 11081 11219 12053 12360 13139 13444 
25
2491 2536 3948 4612 4805 4882 6438 7387 7493 8150 9101 10233 10445 10884 11081 11219 12053 12360 13139 13444 13651 14246 14478 14484 15984 
30
2491 2536 3948 4612 4805 4882 6438 7387 7493 8150 9101 10233 10445 10884 11081 11219 12053 12360 13139 13444 13651 14246 14478 14484 15984 16379 16648 17308 17446 17963 
35
2491 2536 3948 4612 4805 4882 6438 7387 7493 8150 9101 10233 10445 10884 11081 11219 12053 12360 13139 13444 13651 14246 14478 14484 15984 16379 16648 17308 17446 17963 18221 18236 18605 18862 18910 
40
2491 2536 3948 4612 4805 4882 6438 7387 7493 8150 9101 10233 10445 10884 11081 11219 12053 12360 13139 13444 13651 14246 14478 14484 15984 16379 16648 17308 17446 17963 18221 18236 18605 18862 18910 18925 20032 21339 21577 22078 
45
2491 2536 3948 4612 4805 4882 6438 7387 7493 8150 9101 10233 10445 10884 11081 11219 12053 12360 13139 13444 13651 14246 14478 14484 15984 16379 16648 17308 17446 17963 18221 18236 18605 18862 18910 18925 20032 21339 21577 22078 23119 23511 26091 28150 28445 
50
2491 2536 3948 4612 4805 4882 6438 7387 7493 8150 9101 10233 10445 10884 11081 11219 12053 12360 13139 13444 13651 14246 14478 14484 15984 16379 16648 17308 17446 17963 18221 18236 18605 18862 18910 18925 20032 21339 21577 22078 23119 23511 26091 28150 28445 29189 29244 29562 30106 32087 
0.000000
0.000000
0.000000
0.000000
0.000000
0.000000
0.000000
0.000000
0.000000
0.000000
