10
5
227 998 2491 2536 2623 
10
227 998 2491 2536 2623 3198 4805 6324 7055 8180 
15
227 998 2491 2536 2623 3198 4805 6324 7055 8180 10097 10104 11212 11800 12122 
20
227 998 2491 2536 2623 3198 4805 6324 7055 8180 10097 10104 11212 11800 12122 12854 13139 15016 16000 16164 
25
227 998 2491 2536 2623 3198 4805 6324 7055 8180 10097 10104 11212 11800 12122 12854 13139 15016 16000 16164 16321 17425 17631 18236 18311 
30
227 998 2491 2536 2623 3198 4805 6324 7055 8180 10097 10104 11212 11800 12122 12854 13139 15016 16000 16164 16321 17425 17631 18236 18311 18350 18398 18582 18910 20811 
35
227 998 2491 2536 2623 3198 4805 6324 7055 8180 10097 10104 11212 11800 12122 12854 13139 15016 16000 16164 16321 17425 17631 18236 18311 18350 18398 18582 18910 20811 21041 22070 22203 22522 24350 
40
227 998 2491 2536 2623 3198 4805 6324 7055 8180 10097 10104 11212 11800 12122 12854 13139 15016 16000 16164 16321 17425 17631 18236 18311 18350 18398 18582 18910 20811 21041 22070 22203 22522 24350 24365 24917 25238 27286 27339 
45
227 998 2491 2536 2623 3198 4805 6324 7055 8180 10097 10104 11212 11800 12122 12854 13139 15016 16000 16164 16321 17425 17631 18236 18311 18350 18398 18582 18910 20811 21041 22070 22203 22522 24350 24365 24917 25238 27286 27339 27514 29562 31866 33541 34234 
50
227 998 2491 2536 2623 3198 4805 6324 7055 8180 10097 10104 11212 11800 12122 12854 13139 15016 16000 16164 16321 17425 17631 18236 18311 18350 18398 18582 18910 20811 21041 22070 22203 22522 24350 24365 24917 25238 27286 27339 27514 29562 31866 33541 34234 34914 34930 34935 34972 34986 
0.000000
0.000000
0.000000
0.000000
0.000000
0.000000
0.000000
0.000000
0.000000
0.000000
