10
5
379 534 725 2536 7488 
10
379 534 725 2536 7488 7493 8180 11212 11775 12873 
15
379 534 725 2536 7488 7493 8180 11212 11775 12873 15984 16321 16334 16648 16896 
20
379 534 725 2536 7488 7493 8180 11212 11775 12873 15984 16321 16334 16648 16896 17376 17438 17631 17963 18236 
25
379 534 725 2536 7488 7493 8180 11212 11775 12873 15984 16321 16334 16648 16896 17376 17438 17631 17963 18236 18350 18711 18713 18862 18910 
30
379 534 725 2536 7488 7493 8180 11212 11775 12873 15984 16321 16334 16648 16896 17376 17438 17631 17963 18236 18350 18711 18713 18862 18910 19006 20925 24214 24917 24923 
35
379 534 725 2536 7488 7493 8180 11212 11775 12873 15984 16321 16334 16648 16896 17376 17438 17631 17963 18236 18350 18711 18713 18862 18910 19006 20925 24214 24917 24923 26045 26091 26407 26871 26906 
40
379 534 725 2536 7488 7493 8180 11212 11775 12873 15984 16321 16334 16648 16896 17376 17438 17631 17963 18236 18350 18711 18713 18862 18910 19006 20925 24214 24917 24923 26045 26091 26407 26871 26906 27345 27525 28121 28150 28445 
45
379 534 725 2536 7488 7493 8180 11212 11775 12873 15984 16321 16334 16648 16896 17376 17438 17631 17963 18236 18350 18711 18713 18862 18910 19006 20925 24214 24917 24923 26045 26091 26407 26871 26906 27345 27525 28121 28150 28445 29189 29785 30106 30303 30528 
50
379 534 725 2536 7488 7493 8180 11212 11775 12873 15984 16321 16334 16648 16896 17376 17438 17631 17963 18236 18350 18711 18713 18862 18910 19006 20925 24214 24917 24923 26045 26091 26407 26871 26906 27345 27525 28121 28150 28445 29189 29785 30106 30303 30528 30742 32087 33385 33600 34448 
0.950525
0.957075
0.963044
0.968387
0.951277
0.956685
0.960731
0.964439
0.965449
0.966991
