10
5
379 725 7488 7493 11212 
10
379 725 7488 7493 11212 11775 12003 12853 15984 16321 
15
379 725 7488 7493 11212 11775 12003 12853 15984 16321 16334 16648 16896 17438 17630 
20
379 725 7488 7493 11212 11775 12003 12853 15984 16321 16334 16648 16896 17438 17630 17631 17963 18236 18350 18605 
25
379 725 7488 7493 11212 11775 12003 12853 15984 16321 16334 16648 16896 17438 17630 17631 17963 18236 18350 18605 18862 18910 19006 19964 20085 
30
379 725 7488 7493 11212 11775 12003 12853 15984 16321 16334 16648 16896 17438 17630 17631 17963 18236 18350 18605 18862 18910 19006 19964 20085 22283 24214 24857 24917 24923 
35
379 725 7488 7493 11212 11775 12003 12853 15984 16321 16334 16648 16896 17438 17630 17631 17963 18236 18350 18605 18862 18910 19006 19964 20085 22283 24214 24857 24917 24923 26045 26091 26407 26906 27345 
40
379 725 7488 7493 11212 11775 12003 12853 15984 16321 16334 16648 16896 17438 17630 17631 17963 18236 18350 18605 18862 18910 19006 19964 20085 22283 24214 24857 24917 24923 26045 26091 26407 26906 27345 27525 28121 28150 28418 28445 
45
379 725 7488 7493 11212 11775 12003 12853 15984 16321 16334 16648 16896 17438 17630 17631 17963 18236 18350 18605 18862 18910 19006 19964 20085 22283 24214 24857 24917 24923 26045 26091 26407 26906 27345 27525 28121 28150 28418 28445 29189 29778 29785 30106 30742 
50
379 725 7488 7493 11212 11775 12003 12853 15984 16321 16334 16648 16896 17438 17630 17631 17963 18236 18350 18605 18862 18910 19006 19964 20085 22283 24214 24857 24917 24923 26045 26091 26407 26906 27345 27525 28121 28150 28418 28445 29189 29778 29785 30106 30742 32087 32136 33385 34241 34448 
1.000000
1.000000
1.000000
1.000000
1.000000
1.000000
1.000000
1.000000
1.000000
1.000000
