10
5
379 725 4865 7387 7488 
10
379 725 4865 7387 7488 7493 8180 10884 11212 11775 
15
379 725 4865 7387 7488 7493 8180 10884 11212 11775 12853 12873 14560 15984 16321 
20
379 725 4865 7387 7488 7493 8180 10884 11212 11775 12853 12873 14560 15984 16321 16334 16648 16896 17631 17963 
25
379 725 4865 7387 7488 7493 8180 10884 11212 11775 12853 12873 14560 15984 16321 16334 16648 16896 17631 17963 18236 18350 18607 18711 18862 
30
379 725 4865 7387 7488 7493 8180 10884 11212 11775 12853 12873 14560 15984 16321 16334 16648 16896 17631 17963 18236 18350 18607 18711 18862 18910 19006 19964 22059 23511 
35
379 725 4865 7387 7488 7493 8180 10884 11212 11775 12853 12873 14560 15984 16321 16334 16648 16896 17631 17963 18236 18350 18607 18711 18862 18910 19006 19964 22059 23511 24214 24917 26045 26091 26407 
40
379 725 4865 7387 7488 7493 8180 10884 11212 11775 12853 12873 14560 15984 16321 16334 16648 16896 17631 17963 18236 18350 18607 18711 18862 18910 19006 19964 22059 23511 24214 24917 26045 26091 26407 26906 27345 27525 28121 28150 
45
379 725 4865 7387 7488 7493 8180 10884 11212 11775 12853 12873 14560 15984 16321 16334 16648 16896 17631 17963 18236 18350 18607 18711 18862 18910 19006 19964 22059 23511 24214 24917 26045 26091 26407 26906 27345 27525 28121 28150 28445 29189 29780 29785 30303 
50
379 725 4865 7387 7488 7493 8180 10884 11212 11775 12853 12873 14560 15984 16321 16334 16648 16896 17631 17963 18236 18350 18607 18711 18862 18910 19006 19964 22059 23511 24214 24917 26045 26091 26407 26906 27345 27525 28121 28150 28445 29189 29780 29785 30303 30742 33385 33600 33646 34241 
1.000000
1.000000
1.000000
1.000000
1.000000
1.000000
1.000000
1.000000
1.000000
1.000000
