10
5
379 534 2536 4805 4850 
10
379 534 2536 4805 4850 6438 7488 7493 8180 10884 
15
379 534 2536 4805 4850 6438 7488 7493 8180 10884 11208 11212 11219 11775 14484 
20
379 534 2536 4805 4850 6438 7488 7493 8180 10884 11208 11212 11219 11775 14484 15892 16321 16334 16631 16648 
25
379 534 2536 4805 4850 6438 7488 7493 8180 10884 11208 11212 11219 11775 14484 15892 16321 16334 16631 16648 17376 17631 17790 17963 18236 
30
371 379 534 725 1569 2536 4805 4850 7488 7493 8180 10884 11208 11212 11219 11775 12873 16321 16334 16648 17631 17963 18236 18350 18605 18711 18713 18862 18910 19006 
35
379 534 2536 4805 4850 6438 7488 7493 8180 10884 11208 11212 11219 11775 14484 15892 16321 16334 16631 16648 17376 17631 17790 17963 18236 18350 18605 18711 18713 18862 18910 19006 19964 20032 20054 
40
379 534 2536 4805 4850 6438 7488 7493 8180 10884 11208 11212 11219 11775 14484 15892 16321 16334 16631 16648 17376 17631 17790 17963 18236 18350 18605 18711 18713 18862 18910 19006 19964 20032 20054 24214 24917 24923 26091 26407 
45
379 534 2536 4805 4850 6438 7488 7493 8180 10884 11208 11212 11219 11775 14484 15892 16321 16334 16631 16648 17376 17631 17790 17963 18236 18350 18605 18711 18713 18862 18910 19006 19964 20032 20054 24214 24917 24923 26091 26407 26906 27345 27525 28445 29189 
50
379 534 2536 4805 4850 6438 7488 7493 8180 10884 11208 11212 11219 11775 14484 15892 16321 16334 16631 16648 17376 17631 17790 17963 18236 18350 18605 18711 18713 18862 18910 19006 19964 20032 20054 24214 24917 24923 26091 26407 26906 27345 27525 28445 29189 29562 29785 30740 33385 33600 
0.540246
0.713522
0.748204
0.778297
0.790884
0.805523
0.803104
0.810732
0.813089
0.817274
