10
5
3 103 105 209 310 
10
3 103 105 196 209 310 362 479 516 616 
15
3 103 105 209 310 362 479 616 722 772 802 807 831 928 1071 
20
3 103 105 209 310 362 479 616 722 772 802 807 831 928 1071 1190 1244 1489 1490 1845 
25
3 103 105 209 310 362 479 616 722 772 802 807 831 928 1071 1190 1244 1489 1490 1845 2525 2538 2548 2632 2686 
30
3 103 105 209 310 362 479 616 722 772 802 807 831 928 1071 1190 1244 1489 1490 1845 2525 2538 2548 2632 2686 2782 3424 4541 4718 6429 
35
3 103 105 196 209 310 362 479 516 616 772 802 807 831 1071 1190 1244 1431 1489 1490 1845 2282 2316 2525 2538 2548 2632 2686 2782 3099 3424 4718 6429 8745 20256 
40
3 103 105 196 209 310 362 479 516 616 772 802 807 831 1071 1190 1244 1431 1489 1490 1845 2282 2316 2525 2538 2548 2632 2686 2782 3099 3424 4718 6429 8745 20256 21170 27543 35660 38337 44005 
45
3 103 105 209 310 362 479 616 722 772 802 807 831 928 1071 1190 1244 1489 1490 1845 2525 2538 2548 2632 2686 2782 3424 4541 4718 6429 7827 8745 17404 21170 21472 23462 27543 27836 35660 44005 105477 108623 115673 155431 482708 
50
3 103 105 209 310 362 479 616 722 772 802 807 831 928 1071 1190 1244 1489 1490 1845 2525 2538 2548 2632 2686 2782 3424 4541 4718 6429 7827 8745 17404 21170 21472 23462 27543 27836 35660 44005 105477 108623 115673 155431 482708 663559 663605 663930 664788 1034017 
0.829764
0.852359
0.876824
0.881845
0.888495
0.874881
0.853481
0.865677
0.876337
0.885061
