10
5
379 534 748 2536 4666 
10
379 534 748 2536 4666 4805 4850 6438 7488 7493 
15
379 534 748 2536 4666 4805 4850 6438 7488 7493 8180 10884 11208 11212 11775 
20
379 534 748 2536 4666 4805 4850 6438 7488 7493 8180 10884 11208 11212 11775 14484 15897 16321 16334 16648 
25
379 534 748 2536 4666 4805 4850 6438 7488 7493 8180 10884 11208 11212 11775 14484 15897 16321 16334 16648 17376 17631 17963 18236 18350 
30
379 534 748 2536 4666 4805 4850 6438 7488 7493 8180 10884 11208 11212 11775 14484 15897 16321 16334 16648 17376 17631 17963 18236 18350 18500 18605 18711 18713 18862 
35
379 534 748 2536 4666 4805 4850 6438 7488 7493 8180 10884 11208 11212 11775 14484 15897 16321 16334 16648 17376 17631 17963 18236 18350 18500 18605 18711 18713 18862 18910 19006 20032 24214 24917 
40
379 534 748 2536 4666 4805 4850 6438 7488 7493 8180 10884 11208 11212 11775 14484 15897 16321 16334 16648 17376 17631 17963 18236 18350 18500 18605 18711 18713 18862 18910 19006 20032 24214 24917 24923 25602 26091 26407 26871 
45
379 534 748 2536 4666 4805 4850 6438 7488 7493 8180 10884 11208 11212 11775 14484 15897 16321 16334 16648 17376 17631 17963 18236 18350 18500 18605 18711 18713 18862 18910 19006 20032 24214 24917 24923 25602 26091 26407 26871 26906 27345 27522 28445 29189 
50
379 534 748 2536 4666 4805 4850 6438 7488 7493 8180 10884 11208 11212 11775 14484 15897 16321 16334 16648 17376 17631 17963 18236 18350 18500 18605 18711 18713 18862 18910 19006 20032 24214 24917 24923 25602 26091 26407 26871 26906 27345 27522 28445 29189 29562 30505 30742 33385 33600 
0.328816
0.639446
0.683781
0.721297
0.745329
0.761019
0.772665
0.769644
0.764038
0.769538
