10
5
379 725 4850 6463 7488 
10
379 725 4850 6463 7488 7493 8180 11212 11219 11775 
15
379 725 4850 6463 7488 7493 8180 11212 11219 11775 12873 15984 16321 16334 17631 
20
379 725 4850 6463 7488 7493 8180 11212 11219 11775 12873 15984 16321 16334 17631 17963 18236 18350 18607 18862 
25
379 725 4850 6463 7488 7493 8180 11212 11219 11775 12873 15984 16321 16334 17631 17963 18236 18350 18607 18862 18910 19006 22059 22283 24214 
30
379 725 4850 6463 7488 7493 8180 11212 11219 11775 12873 15984 16321 16334 17631 17963 18236 18350 18607 18862 18910 19006 22059 22283 24214 24917 24923 25237 26045 26091 
35
379 725 4850 6463 7488 7493 8180 11212 11219 11775 12873 15984 16321 16334 17631 17963 18236 18350 18607 18862 18910 19006 22059 22283 24214 24917 24923 25237 26045 26091 26407 26906 27345 27525 27718 
40
379 725 4850 6463 7488 7493 8180 11212 11219 11775 12873 15984 16321 16334 17631 17963 18236 18350 18607 18862 18910 19006 22059 22283 24214 24917 24923 25237 26045 26091 26407 26906 27345 27525 27718 28121 28445 29189 29562 29778 
45
379 725 4850 6463 7488 7493 8180 11212 11219 11775 12873 15984 16321 16334 17631 17963 18236 18350 18607 18862 18910 19006 22059 22283 24214 24917 24923 25237 26045 26091 26407 26906 27345 27525 27718 28121 28445 29189 29562 29778 29780 29785 30106 30740 32052 
50
379 725 4850 6463 7488 7493 8180 11212 11219 11775 12873 15984 16321 16334 17631 17963 18236 18350 18607 18862 18910 19006 22059 22283 24214 24917 24923 25237 26045 26091 26407 26906 27345 27525 27718 28121 28445 29189 29562 29778 29780 29785 30106 30740 32052 32136 33385 33600 33646 34241 
1.000000
1.000000
1.000000
1.000000
1.000000
1.000000
1.000000
1.000000
1.000000
1.000000
