10
5
58 63 204 325 405 
10
58 63 204 325 405 465 701 703 2356 2829 
15
58 63 204 325 405 465 701 703 2356 2829 2949 3221 3336 3632 4039 
20
58 63 204 325 405 465 701 703 2356 2829 2949 3221 3336 3632 4039 4124 4421 4610 4614 4904 
25
55 58 173 211 324 521 701 749 1509 1915 2085 2356 2829 2949 3336 3729 3917 4039 4124 4562 4614 4722 4733 4904 4905 
30
55 58 173 211 324 521 701 749 1509 1915 2085 2356 2829 2949 3336 3729 3917 4039 4124 4562 4614 4722 4733 4904 4905 6596 6906 7079 7336 7398 
35
55 58 173 211 324 521 701 749 1509 1915 2085 2356 2829 2949 3336 3729 3917 4039 4124 4562 4614 4722 4733 4904 4905 6596 6906 7079 7336 7398 10714 12150 13105 13643 14507 
40
55 58 173 211 324 521 701 749 1509 1915 2085 2356 2829 2949 3336 3729 3917 4039 4124 4562 4614 4722 4733 4904 4905 6596 6906 7079 7336 7398 10714 12150 13105 13643 14507 16212 16887 17005 17820 19678 
45
55 58 173 211 324 521 701 749 1509 1915 2085 2356 2829 2949 3336 3729 3917 4039 4124 4562 4614 4722 4733 4904 4905 6596 6906 7079 7336 7398 10714 12150 13105 13643 14507 16212 16887 17005 17820 19678 21510 21823 25040 25713 26657 
50
55 58 173 211 324 521 701 749 1509 1915 2085 2356 2829 2949 3336 3729 3917 4039 4124 4562 4614 4722 4733 4904 4905 6596 6906 7079 7336 7398 10714 12150 13105 13643 14507 16212 16887 17005 17820 19678 21510 21823 25040 25713 26657 30023 32577 35989 43270 63589 
0.504517
0.573335
0.628455
0.653230
0.638835
0.663600
0.682594
0.688635
0.698871
0.707946
